0.1 0.1 -0.0004911852995042043
0.1 0.2 -0.003175327972225084
0.1 0.30000000000000004 -0.008293720484457978
0.1 0.4 -0.014872418728863579
0.1 0.5 -0.02125903072614932
0.1 0.6 -0.02445349989524459
0.1 0.7000000000000001 0.0101607580772054
0.1 0.8 0.9082849523077385
0.1 0.9 2.124770049519725
0.1 1.0 3.748230583629592
0.1 1.1 5.721810230605158
0.1 1.2000000000000002 8.06245374575164
0.1 1.3000000000000003 10.861881064800016
0.1 1.4000000000000001 14.156440056043792
0.1 1.5000000000000002 17.709569483169304
0.1 1.6 21.97766608571561
0.1 1.7000000000000002 26.49792846853427
0.1 1.8000000000000003 31.469861596692652
0.1 1.9000000000000001 36.87592053382616
0.1 2.0 42.996796836414205
0.1 2.1 49.17398850597675
0.1 2.2 55.92294675490925
0.1 2.3000000000000003 63.280733689462124
0.1 2.4000000000000004 70.92243475218237
0.1 2.5000000000000004 79.00209136182482
0.1 2.6 87.69826625367071
0.1 2.7 96.48118411484327
0.1 2.8000000000000003 106.07417366338004
0.1 2.9000000000000004 115.72484536437199
0.1 3.0000000000000004 126.21306805524446
0.1 3.1 136.75160215555064
0.1 3.2 147.89116516074978
0.1 3.3000000000000003 159.2869552417506
0.1 3.4000000000000004 171.09867641894328
0.1 3.5000000000000004 183.31536342006396
0.1 3.6 196.48978614594304
0.1 3.7 209.05478337640398
0.1 3.8000000000000003 222.80850290338503
0.1 3.9000000000000004 236.47227128405854
0.1 4.0 250.74855919543785
0.1 4.1 264.881974329098
0.1 4.2 279.6731061763722
0.1 4.3 294.79847331237397
0.1 4.3999999999999995 310.0537417682814
0.1 4.5 325.8829792224881
0.1 4.6 341.78105445238043
0.1 4.7 357.6444289700479
0.1 4.8 373.90097925658216
0.1 4.9 390.41618690228853
0.1 5.0 407.5571516022953
0.1 5.1 424.3722058944439
0.1 5.2 441.8037891494634
0.1 5.3 459.4615197952018
0.1 5.4 477.4971005978795
0.1 5.5 495.09687780621226
0.1 5.6 513.301983361596
0.1 5.7 532.1190567939723
0.1 5.8 550.0962357648052
0.1 5.9 569.4642755672082
0.1 6.0 588.3299494214544
0.1 6.1 607.1069669760283
0.1 6.2 626.4755465486155
0.1 6.3 646.4394356132779
0.1 6.4 665.8395172051632
0.1 6.5 685.9607113282033
0.1 6.6 705.813693716385
0.1 6.7 725.9144762320698
0.1 6.8 745.8667303861251
0.1 6.9 765.9008673176173
0.1 7.0 786.6469815560941
0.1 7.1 807.0650098744796
0.1 7.2 827.6987376984957
0.1 7.3 848.5442579444227
0.1 7.4 869.5288810970247
0.1 7.5 890.210603011836
0.1 7.6 911.594036004041
0.1 7.7 932.5902514513004
0.1 7.8 953.7716988139576
0.1 7.9 975.1357159900128
0.1 8.0 996.6073834874608
0.1 8.1 1018.2557101867557
0.1 8.2 1039.5502389044668
0.1 8.3 1061.8802103269857
0.1 8.4 1083.4347203583134
0.1 8.5 1105.1511309568436
0.1 8.6 1126.6142472284928
0.1 8.7 1148.987247029201
0.1 8.8 1171.1027776923383
0.1 8.9 1192.8242420009533
0.1 9.0 1214.8285137237976
0.1 9.1 1237.1834815623592
0.1 9.2 1259.2658895915652
0.1 9.3 1282.0485828731187
0.1 9.4 1303.997078607082
0.1 9.5 1326.273379104275
0.1 9.6 1348.829252812468
0.1 9.700000000000001 1371.5172542965154
0.1 9.8 1393.3465097063645
0.1 9.9 1416.6274465918323
0.1 10.0 1438.7024084937402
0.2 0.1 -0.0006441057152746232
0.2 0.2 -0.0046287518821785945
0.2 0.30000000000000004 -0.01354458644924783
0.2 0.4 -0.027731871497641336
0.2 0.5 -0.046505300309517494
0.2 0.6 -0.06766225709461793
0.2 0.7000000000000001 -0.08927849251543307
0.2 0.8 0.8467998056021173
0.2 0.9 1.9865833874498975
0.2 1.0 3.562321517562715
0.2 1.1 5.481198422171239
0.2 1.2000000000000002 7.761495408245025
0.2 1.3000000000000003 10.568577519400144
0.2 1.4000000000000001 13.715675990942842
0.2 1.5000000000000002 17.282131434576343
0.2 1.6 21.178849908486157
0.2 1.7000000000000002 25.712456325709056
0.2 1.8000000000000003 30.588939913215214
0.2 1.9000000000000001 36.03884578447793
0.2 2.0 41.81630496516917
0.2 2.1 48.18423335846043
0.2 2.2 54.87358351994288
0.2 2.3000000000000003 62.16905874273718
0.2 2.4000000000000004 69.76560390456825
0.2 2.5000000000000004 77.82101084442158
0.2 2.6 86.31315080422672
0.2 2.7 95.45835833213351
0.2 2.8000000000000003 104.87354548819218
0.2 2.9000000000000004 114.56429709478809
0.2 3.0000000000000004 124.89474371377986
0.2 3.1 135.45417409545396
0.2 3.2 146.9385095354715
0.2 3.3000000000000003 158.44991691703876
0.2 3.4000000000000004 170.61790538626786
0.2 3.5000000000000004 183.02450767139976
0.2 3.6 195.6492963989036
0.2 3.7 208.93374423394417
0.2 3.8000000000000003 222.69942785136948
0.2 3.9000000000000004 236.89698495078898
0.2 4.0 251.50143981864107
0.2 4.1 266.266900455603
0.2 4.2 281.1704076209504
0.2 4.3 296.42779992093375
0.2 4.3999999999999995 312.39724829836496
0.2 4.5 328.7110236279833
0.2 4.6 344.8381340956391
0.2 4.7 361.9153651878792
0.2 4.8 378.3992502443041
0.2 4.9 396.2093711439015
0.2 5.0 413.38620116831004
0.2 5.1 431.2209567466484
0.2 5.2 449.31431932725155
0.2 5.3 467.8151441265709
0.2 5.4 485.88660873930655
0.2 5.5 505.4132057839418
0.2 5.6 524.4913352198694
0.2 5.7 543.0855958625236
0.2 5.8 562.7617732751919
0.2 5.9 582.7818432272514
0.2 6.0 602.994081320048
0.2 6.1 622.8148305453598
0.2 6.2 643.2690276788303
0.2 6.3 664.360954747124
0.2 6.4 684.8641874271584
0.2 6.5 706.1582124714257
0.2 6.6 726.8298202934939
0.2 6.7 748.5421846271405
0.2 6.8 769.7817349591694
0.2 6.9 791.4385558310597
0.2 7.0 813.1141857051166
0.2 7.1 835.3019845445992
0.2 7.2 857.303420674035
0.2 7.3 879.5549779024916
0.2 7.4 901.6036209150114
0.2 7.5 924.2260762921421
0.2 7.6 946.9872622402805
0.2 7.7 969.0669017161714
0.2 7.8 991.82244008891
0.2 7.9 1015.1344713576237
0.2 8.0 1038.2047629496374
0.2 8.1 1061.487996171933
0.2 8.2 1084.5195943460176
0.2 8.3 1107.6393020713613
0.2 8.4 1130.8304190378472
0.2 8.5 1155.273341833482
0.2 8.6 1178.8584800371025
0.2 8.7 1202.1670848612678
0.2 8.8 1225.5310240723552
0.2 8.9 1249.5498999049014
0.2 9.0 1274.2255161348398
0.2 9.1 1298.0001021920714
0.2 9.2 1321.9486882912854
0.2 9.3 1345.5953471673538
0.2 9.4 1370.224191002819
0.2 9.5 1394.2072342261588
0.2 9.6 1418.6935079924406
0.2 9.700000000000001 1443.3422065837906
0.2 9.8 1467.511443692375
0.2 9.9 1492.4744102742516
0.2 10.0 1517.2834134826908
0.30000000000000004 0.1 -0.0007328391405843071
0.30000000000000004 0.2 -0.005483495802314664
0.30000000000000004 0.30000000000000004 -0.01663306393364472
0.30000000000000004 0.4 -0.03556114189741599
0.30000000000000004 0.5 -0.06225307397309443
0.30000000000000004 0.6 -0.09492068554814814
0.30000000000000004 0.7000000000000001 -0.13249125961780095
0.30000000000000004 0.8 0.7439772904877238
0.30000000000000004 0.9 1.8940509641915249
0.30000000000000004 1.0 3.4351732590191375
0.30000000000000004 1.1 5.313998155924253
0.30000000000000004 1.2000000000000002 7.615316818418854
0.30000000000000004 1.3000000000000003 10.22592599940166
0.30000000000000004 1.4000000000000001 13.387192741491681
0.30000000000000004 1.5000000000000002 16.79683551934621
0.30000000000000004 1.6 20.711054868853417
0.30000000000000004 1.7000000000000002 25.277058482878104
0.30000000000000004 1.8000000000000003 29.962008514016773
0.30000000000000004 1.9000000000000001 35.324838961023005
0.30000000000000004 2.0 41.15033743492299
0.30000000000000004 2.1 47.43851000387038
0.30000000000000004 2.2 53.88727556707633
0.30000000000000004 2.3000000000000003 61.08759211705572
0.30000000000000004 2.4000000000000004 68.42715069216611
0.30000000000000004 2.5000000000000004 76.54317114350344
0.30000000000000004 2.6 85.13598446869653
0.30000000000000004 2.7 93.82589204815528
0.30000000000000004 2.8000000000000003 103.34670136890463
0.30000000000000004 2.9000000000000004 112.93792891802781
0.30000000000000004 3.0000000000000004 123.2015773750079
0.30000000000000004 3.1 133.69736270292236
0.30000000000000004 3.2 145.1234687282476
0.30000000000000004 3.3000000000000003 156.3191722567724
0.30000000000000004 3.4000000000000004 168.46742079389708
0.30000000000000004 3.5000000000000004 181.0825183847956
0.30000000000000004 3.6 193.6529484201109
0.30000000000000004 3.7 207.22409015761417
0.30000000000000004 3.8000000000000003 220.71690317451046
0.30000000000000004 3.9000000000000004 234.6264580298866
0.30000000000000004 4.0 249.32403581298993
0.30000000000000004 4.1 264.1211633876963
0.30000000000000004 4.2 279.6400082461233
0.30000000000000004 4.3 294.6973541128622
0.30000000000000004 4.3999999999999995 311.06354826175175
0.30000000000000004 4.5 326.9194945458663
0.30000000000000004 4.6 343.47007722616434
0.30000000000000004 4.7 360.7246636702998
0.30000000000000004 4.8 377.6659619887333
0.30000000000000004 4.9 394.63964094582957
0.30000000000000004 5.0 413.0652164174286
0.30000000000000004 5.1 431.12764307609876
0.30000000000000004 5.2 449.1764750368619
0.30000000000000004 5.3 467.9249384957957
0.30000000000000004 5.4 486.3429273180931
0.30000000000000004 5.5 506.1652440447752
0.30000000000000004 5.6 525.230123559623
0.30000000000000004 5.7 544.5174186146687
0.30000000000000004 5.8 564.6184236784932
0.30000000000000004 5.9 585.4006656960851
0.30000000000000004 6.0 605.654331898566
0.30000000000000004 6.1 626.2577533589256
0.30000000000000004 6.2 647.2094885812439
0.30000000000000004 6.3 668.0596847055518
0.30000000000000004 6.4 689.0663973912608
0.30000000000000004 6.5 710.9021772876268
0.30000000000000004 6.6 732.558861971869
0.30000000000000004 6.7 754.8589697045453
0.30000000000000004 6.8 776.6791374404586
0.30000000000000004 6.9 799.131268674626
0.30000000000000004 7.0 821.347625090568
0.30000000000000004 7.1 844.1820558955965
0.30000000000000004 7.2 867.036075004193
0.30000000000000004 7.3 889.9530948604759
0.30000000000000004 7.4 912.5815349474234
0.30000000000000004 7.5 936.0347978369392
0.30000000000000004 7.6 959.5178882916304
0.30000000000000004 7.7 982.9996780942969
0.30000000000000004 7.8 1006.9905794913594
0.30000000000000004 7.9 1030.7292429398944
0.30000000000000004 8.0 1054.7103084895566
0.30000000000000004 8.1 1078.4263485660963
0.30000000000000004 8.2 1102.2824286239636
0.30000000000000004 8.3 1126.8007361705697
0.30000000000000004 8.4 1151.4506361536796
0.30000000000000004 8.5 1175.81189780373
0.30000000000000004 8.6 1200.3927549137838
0.30000000000000004 8.7 1224.6748667447641
0.30000000000000004 8.8 1249.6891448547274
0.30000000000000004 8.9 1275.256987606818
0.30000000000000004 9.0 1299.8764039883058
0.30000000000000004 9.1 1325.002758291595
0.30000000000000004 9.2 1350.0250552223547
0.30000000000000004 9.3 1375.2440731970041
0.30000000000000004 9.4 1400.9963219673493
0.30000000000000004 9.5 1426.0743027895337
0.30000000000000004 9.6 1452.2087786248662
0.30000000000000004 9.700000000000001 1477.6627426575565
0.30000000000000004 9.8 1502.9623589344224
0.30000000000000004 9.9 1529.1155899464388
0.30000000000000004 10.0 1554.763520590941
0.4 0.1 -0.0007965208606265373
0.4 0.2 -0.00611362687806194
0.4 0.30000000000000004 -0.01885764731140238
0.4 0.4 -0.04094155749880457
0.4 0.5 -0.07341411261825748
0.4 0.6 -0.11463157701043514
0.4 0.7000000000000001 -0.13271091077741026
0.4 0.8 0.6953928590492815
0.4 0.9 1.8261641998599671
0.4 1.0 3.3411858714738507
0.4 1.1 5.2477919949775185
0.4 1.2000000000000002 7.384501071716741
0.4 1.3000000000000003 10.018202963937632
0.4 1.4000000000000001 13.050104653460451
0.4 1.5000000000000002 16.58053555738222
0.4 1.6 20.44893269486053
0.4 1.7000000000000002 24.84717971531122
0.4 1.8000000000000003 29.463188592521064
0.4 1.9000000000000001 34.747692733632675
0.4 2.0 40.36228721079148
0.4 2.1 46.55701068470955
0.4 2.2 53.06183558666332
0.4 2.3000000000000003 60.17391438959649
0.4 2.4000000000000004 67.41641430055144
0.4 2.5000000000000004 75.4386764039533
0.4 2.6 83.94196542255634
0.4 2.7 92.51577180240069
0.4 2.8000000000000003 101.95264946563782
0.4 2.9000000000000004 111.24219891022096
0.4 3.0000000000000004 121.59695333634261
0.4 3.1 132.22698458788275
0.4 3.2 143.11407295640586
0.4 3.3000000000000003 154.46016882531228
0.4 3.4000000000000004 166.5068260845114
0.4 3.5000000000000004 179.02496658738625
0.4 3.6 191.54609570771476
0.4 3.7 205.02013455590853
0.4 3.8000000000000003 218.4688430886275
0.4 3.9000000000000004 232.5871682379328
0.4 4.0 246.9427029744313
0.4 4.1 261.7128209065584
0.4 4.2 276.5467876873215
0.4 4.3 292.5160783079822
0.4 4.3999999999999995 308.26144059878493
0.4 4.5 324.7301882143579
0.4 4.6 341.2863533722065
0.4 4.7 357.5351253582771
0.4 4.8 374.8517600136138
0.4 4.9 392.2116357165933
0.4 5.0 409.9870106181778
0.4 5.1 428.0645466649361
0.4 5.2 446.5513083216111
0.4 5.3 465.44801127584503
0.4 5.4 484.6243144368085
0.4 5.5 503.7754170926183
0.4 5.6 523.7594016887281
0.4 5.7 543.2478267162326
0.4 5.8 563.1253305962182
0.4 5.9 583.6917081936131
0.4 6.0 604.1682832595479
0.4 6.1 625.3276300178501
0.4 6.2 646.0743388118183
0.4 6.3 667.9685085667982
0.4 6.4 689.2484898405452
0.4 6.5 711.3806828244948
0.4 6.6 732.8588934249483
0.4 6.7 755.4836958467974
0.4 6.8 777.9467518181434
0.4 6.9 800.7340218550088
0.4 7.0 823.2972701294958
0.4 7.1 845.6544033042928
0.4 7.2 869.3787403236329
0.4 7.3 892.6651192340588
0.4 7.4 915.672061339523
0.4 7.5 939.5311182616099
0.4 7.6 963.6756476858909
0.4 7.7 987.8511256441744
0.4 7.8 1011.4257202659467
0.4 7.9 1036.1362425445554
0.4 8.0 1060.5720260189985
0.4 8.1 1084.9299740948995
0.4 8.2 1109.6036790907515
0.4 8.3 1134.8066506175987
0.4 8.4 1159.086559858392
0.4 8.5 1185.1278487529944
0.4 8.6 1209.8905963924492
0.4 8.7 1235.2268828724468
0.4 8.8 1260.1504267046312
0.4 8.9 1285.9501875967894
0.4 9.0 1312.3205629603099
0.4 9.1 1337.9206884501964
0.4 9.2 1363.1695472725205
0.4 9.3 1390.2163756038874
0.4 9.4 1416.2362430397854
0.4 9.5 1442.1283425069032
0.4 9.6 1468.5669812744757
0.4 9.700000000000001 1494.5185493635477
0.4 9.8 1521.700521781714
0.4 9.9 1548.0439597631116
0.4 10.0 1574.7013574694138
0.5 0.1 -0.0008333523785838404
0.5 0.2 -0.006595240257175616
0.5 0.30000000000000004 -0.020556103531167214
0.5 0.4 -0.045173762548448515
0.5 0.5 -0.08205900731745608
0.5 0.6 -0.13019098199023382
0.5 0.7000000000000001 -0.18967718923234145
0.5 0.8 0.6957645616835322
0.5 0.9 1.816620843022374
0.5 1.0 3.2656748282718304
0.5 1.1 5.147831008957461
0.5 1.2000000000000002 7.324174706579466
0.5 1.3000000000000003 9.85562439968745
0.5 1.4000000000000001 12.930341523755615
0.5 1.5000000000000002 16.23849991507094
0.5 1.6 20.046057412849187
0.5 1.7000000000000002 24.386330618635682
0.5 1.8000000000000003 29.052425442272224
0.5 1.9000000000000001 34.39603806826278
0.5 2.0 39.95470163290646
0.5 2.1 45.800866613644345
0.5 2.2 52.52117406896534
0.5 2.3000000000000003 59.23916173038981
0.5 2.4000000000000004 66.56226618291906
0.5 2.5000000000000004 74.32720301547546
0.5 2.6 82.53389206288313
0.5 2.7 91.39106190422622
0.5 2.8000000000000003 100.53028729764102
0.5 2.9000000000000004 110.11789012052685
0.5 3.0000000000000004 119.96370909167662
0.5 3.1 130.4917113989107
0.5 3.2 141.72954299728477
0.5 3.3000000000000003 152.72167400749987
0.5 3.4000000000000004 164.93612874226716
0.5 3.5000000000000004 177.14006030787013
0.5 3.6 189.55541343907393
0.5 3.7 202.924129759669
0.5 3.8000000000000003 216.26091086738123
0.5 3.9000000000000004 230.0286425530336
0.5 4.0 244.2799675122708
0.5 4.1 258.92856012784057
0.5 4.2 274.05383928369133
0.5 4.3 289.65548572645196
0.5 4.3999999999999995 305.2882617327184
0.5 4.5 321.7246162819319
0.5 4.6 338.53665393343204
0.5 4.7 354.7724094622931
0.5 4.8 372.08271801605144
0.5 4.9 389.7289830720166
0.5 5.0 407.1132462221886
0.5 5.1 425.1971191767673
0.5 5.2 443.6999375516037
0.5 5.3 462.9165269644565
0.5 5.4 481.40076022275423
0.5 5.5 500.57738532060245
0.5 5.6 520.1541902474742
0.5 5.7 540.4368554220966
0.5 5.8 560.3564931375568
0.5 5.9 580.5088760640998
0.5 6.0 601.5150632238635
0.5 6.1 622.4338873909409
0.5 6.2 644.0480856561571
0.5 6.3 665.230471677871
0.5 6.4 686.5926200921622
0.5 6.5 708.8195402421422
0.5 6.6 730.8909161320985
0.5 6.7 753.6362325340285
0.5 6.8 775.879068470387
0.5 6.9 799.3114880366674
0.5 7.0 822.0047143847726
0.5 7.1 845.0140390665428
0.5 7.2 868.8987259299217
0.5 7.3 891.9926207985408
0.5 7.4 915.6967454657558
0.5 7.5 939.3872819120339
0.5 7.6 963.709066623922
0.5 7.7 987.7328803064934
0.5 7.8 1012.0379951855957
0.5 7.9 1036.6228471164943
0.5 8.0 1061.8225614876192
0.5 8.1 1086.3858504408913
0.5 8.2 1112.1354688315216
0.5 8.3 1136.9477608505445
0.5 8.4 1162.0158093801515
0.5 8.5 1187.9788868017963
0.5 8.6 1213.561595594515
0.5 8.7 1238.8011216784453
0.5 8.8 1264.2285494772277
0.5 8.9 1290.8970868451906
0.5 9.0 1316.8725399118368
0.5 9.1 1342.75492087671
0.5 9.2 1369.5482407866423
0.5 9.3 1395.8966927203896
0.5 9.4 1422.4732878934662
0.5 9.5 1449.2764521761621
0.5 9.6 1476.3044666148326
0.5 9.700000000000001 1503.8930068661339
0.5 9.8 1530.0275987090808
0.5 9.9 1558.047847961776
0.5 10.0 1584.932887710858
0.6 0.1 -0.0008694294607073383
0.6 0.2 -0.006983703456519663
0.6 0.30000000000000004 -0.022051972858961655
0.6 0.4 -0.04866599594977661
0.6 0.5 -0.08903769718197285
0.6 0.6 -0.14234637246460835
0.6 0.7000000000000001 -0.20993793305661512
0.6 0.8 0.6258308206579759
0.6 0.9 1.7713543976573582
0.6 1.0 3.2037061530478717
0.6 1.1 4.949528358496533
0.6 1.2000000000000002 7.147859529336188
0.6 1.3000000000000003 9.650021454024746
0.6 1.4000000000000001 12.600511950205288
0.6 1.5000000000000002 16.033475461325615
0.6 1.6 19.802716402576742
0.6 1.7000000000000002 23.98232537080336
0.6 1.8000000000000003 28.699897398849807
0.6 1.9000000000000001 33.74509144737057
0.6 2.0 39.352579116539545
0.6 2.1 45.274606191181675
0.6 2.2 51.77733473724571
0.6 2.3000000000000003 58.57732753669042
0.6 2.4000000000000004 65.99441546697318
0.6 2.5000000000000004 73.5104824653651
0.6 2.6 81.64788350906007
0.6 2.7 90.22274802281889
0.6 2.8000000000000003 99.45555992000102
0.6 2.9000000000000004 108.95972053034653
0.6 3.0000000000000004 118.71662014683135
0.6 3.1 129.1534946282278
0.6 3.2 139.80614656297
0.6 3.3000000000000003 151.18928110153954
0.6 3.4000000000000004 163.05110726515957
0.6 3.5000000000000004 175.4008459170197
0.6 3.6 187.70343353625157
0.6 3.7 200.7261324163432
0.6 3.8000000000000003 213.9641738171205
0.6 3.9000000000000004 228.23082252688144
0.6 4.0 242.3723857764565
0.6 4.1 256.65117641066365
0.6 4.2 272.00707183069426
0.6 4.3 287.4920015937334
0.6 4.3999999999999995 302.73661494493507
0.6 4.5 319.0706923197939
0.6 4.6 335.4805963784121
0.6 4.7 352.33868828771506
0.6 4.8 369.2403461675709
0.6 4.9 386.4726184835462
0.6 5.0 404.12931903865365
0.6 5.1 422.2116423026981
0.6 5.2 441.0118074836192
0.6 5.3 459.0930696438625
0.6 5.4 478.29532182246794
0.6 5.5 497.4875315365654
0.6 5.6 517.3902956289746
0.6 5.7 536.9320598268364
0.6 5.8 557.1781639613775
0.6 5.9 577.362146203234
0.6 6.0 598.4080107189098
0.6 6.1 619.6910151148784
0.6 6.2 640.543213335311
0.6 6.3 662.0886408352407
0.6 6.4 684.0268926380024
0.6 6.5 705.7988594402215
0.6 6.6 727.9453450507707
0.6 6.7 750.7758477736618
0.6 6.8 773.0926969306747
0.6 6.9 796.6308179769132
0.6 7.0 819.4167119801655
0.6 7.1 842.528302052518
0.6 7.2 865.9605487438675
0.6 7.3 889.7185289676081
0.6 7.4 913.5525793537225
0.6 7.5 937.3597673148194
0.6 7.6 961.807770764447
0.6 7.7 985.9647200388221
0.6 7.8 1010.4125223372221
0.6 7.9 1035.149852189918
0.6 8.0 1060.1755225532263
0.6 8.1 1085.8252429978897
0.6 8.2 1110.187298809777
0.6 8.3 1136.3993721608158
0.6 8.4 1161.6391768816966
0.6 8.5 1187.4512534679714
0.6 8.6 1213.225303187207
0.6 8.7 1239.2626168946376
0.6 8.8 1265.9003564660447
0.6 8.9 1291.7927599064524
0.6 9.0 1317.9698293536708
0.6 9.1 1344.699952455912
0.6 9.2 1371.3798886757022
0.6 9.3 1397.9560467865595
0.6 9.4 1425.4231366960485
0.6 9.5 1452.4774551584187
0.6 9.6 1479.767059456245
0.6 9.700000000000001 1507.290294016972
0.6 9.8 1533.6598301049808
0.6 9.9 1561.6367879859783
0.6 10.0 1589.4461698235455
0.7000000000000001 0.1 -0.0008940869333946555
0.7000000000000001 0.2 -0.007294217977039885
0.7000000000000001 0.30000000000000004 -0.02326466807651073
0.7000000000000001 0.4 -0.05165715296119977
0.7000000000000001 0.5 -0.09527947528770486
0.7000000000000001 0.6 -0.15281141852926616
0.7000000000000001 0.7000000000000001 -0.22673420375863884
0.7000000000000001 0.8 0.6387539805052125
0.7000000000000001 0.9 1.7345298011348618
0.7000000000000001 1.0 3.149445276202023
0.7000000000000001 1.1 4.938903512376761
0.7000000000000001 1.2000000000000002 7.122714838458837
0.7000000000000001 1.3000000000000003 9.533821933110225
0.7000000000000001 1.4000000000000001 12.452794053575168
0.7000000000000001 1.5000000000000002 15.857028336741706
0.7000000000000001 1.6 19.69134844991801
0.7000000000000001 1.7000000000000002 23.843041331878055
0.7000000000000001 1.8000000000000003 28.52706248469231
0.7000000000000001 1.9000000000000001 33.53442496495019
0.7000000000000001 2.0 38.950356413421375
0.7000000000000001 2.1 44.81312029577739
0.7000000000000001 2.2 51.41479181568482
0.7000000000000001 2.3000000000000003 58.004951505048766
0.7000000000000001 2.4000000000000004 65.34685418428015
0.7000000000000001 2.5000000000000004 72.97311150533422
0.7000000000000001 2.6 81.02933434214732
0.7000000000000001 2.7 89.55612211091821
0.7000000000000001 2.8000000000000003 98.5177441658478
0.7000000000000001 2.9000000000000004 107.72907948171567
0.7000000000000001 3.0000000000000004 117.60433680674714
0.7000000000000001 3.1 128.17189666452464
0.7000000000000001 3.2 138.763962779615
0.7000000000000001 3.3000000000000003 149.81141840475703
0.7000000000000001 3.4000000000000004 161.32012454147412
0.7000000000000001 3.5000000000000004 173.32559365560292
0.7000000000000001 3.6 186.32794611135745
0.7000000000000001 3.7 199.00132292491608
0.7000000000000001 3.8000000000000003 212.12323659558538
0.7000000000000001 3.9000000000000004 225.97497537010074
0.7000000000000001 4.0 240.02269150181831
0.7000000000000001 4.1 254.55451149551817
0.7000000000000001 4.2 269.4654267976208
0.7000000000000001 4.3 284.85233299580557
0.7000000000000001 4.3999999999999995 300.374993191444
0.7000000000000001 4.5 316.2358868800808
0.7000000000000001 4.6 332.94351504948327
0.7000000000000001 4.7 349.7118799263944
0.7000000000000001 4.8 366.1421794145689
0.7000000000000001 4.9 384.0768742110582
0.7000000000000001 5.0 401.6491096884912
0.7000000000000001 5.1 419.6485588160537
0.7000000000000001 5.2 437.630530629481
0.7000000000000001 5.3 456.3607547544941
0.7000000000000001 5.4 475.1777594468923
0.7000000000000001 5.5 494.282213791786
0.7000000000000001 5.6 513.7974432898236
0.7000000000000001 5.7 534.0298273534158
0.7000000000000001 5.8 553.8814207504008
0.7000000000000001 5.9 574.4796460903751
0.7000000000000001 6.0 594.9746995155988
0.7000000000000001 6.1 616.3408623798047
0.7000000000000001 6.2 637.6255285658287
0.7000000000000001 6.3 658.2739597609211
0.7000000000000001 6.4 680.6449710346666
0.7000000000000001 6.5 702.3523779948698
0.7000000000000001 6.6 724.6172249658878
0.7000000000000001 6.7 747.0530932531551
0.7000000000000001 6.8 770.1754420471873
0.7000000000000001 6.9 792.7857973762036
0.7000000000000001 7.0 815.7100042478406
0.7000000000000001 7.1 839.3310837540223
0.7000000000000001 7.2 862.7028554650874
0.7000000000000001 7.3 886.3992426021595
0.7000000000000001 7.4 910.0843752755211
0.7000000000000001 7.5 934.7583298176378
0.7000000000000001 7.6 958.8267239242018
0.7000000000000001 7.7 983.1834663947441
0.7000000000000001 7.8 1008.1970984028109
0.7000000000000001 7.9 1032.5541378732637
0.7000000000000001 8.0 1057.5394388159693
0.7000000000000001 8.1 1083.44856693863
0.7000000000000001 8.2 1108.3912990107794
0.7000000000000001 8.3 1134.2471701293098
0.7000000000000001 8.4 1159.1049128207299
0.7000000000000001 8.5 1185.52884310324
0.7000000000000001 8.6 1211.9243887442499
0.7000000000000001 8.7 1237.5994822540663
0.7000000000000001 8.8 1263.8746378590058
0.7000000000000001 8.9 1290.0803389747193
0.7000000000000001 9.0 1316.8897567684767
0.7000000000000001 9.1 1343.278359079246
0.7000000000000001 9.2 1370.6105778081208
0.7000000000000001 9.3 1397.507851946013
0.7000000000000001 9.4 1424.6548037049624
0.7000000000000001 9.5 1452.050198762688
0.7000000000000001 9.6 1480.0304666004918
0.7000000000000001 9.700000000000001 1507.2218299556243
0.7000000000000001 9.8 1534.959843564518
0.7000000000000001 9.9 1562.6211833574062
0.7000000000000001 10.0 1590.8200804619064
0.8 0.1 -0.0009007441021495755
0.8 0.2 -0.007556011390492445
0.8 0.30000000000000004 -0.024289339148278355
0.8 0.4 -0.054469638870689785
0.8 0.5 -0.10055269920969856
0.8 0.7000000000000001 -0.24169348154324943
0.8 1.0 3.1565386261192465
0.8 1.1 4.877023685734077
0.8 1.2000000000000002 7.04172094130012
0.8 1.3000000000000003 9.430715450175288
0.8 1.4000000000000001 12.412159871912568
0.8 1.5000000000000002 15.794449465541511
0.8 1.6 19.397977724360125
0.8 1.7000000000000002 23.61832455343039
0.8 1.8000000000000003 28.143610455316782
0.8 1.9000000000000001 33.227983471577474
0.8 2.0 38.604320329580936
0.8 2.1 44.42604105101206
0.8 2.2 50.81281604453066
0.8 2.3000000000000003 57.49435755005358
0.8 2.4000000000000004 64.59519523018929
0.8 2.5000000000000004 72.15300197545494
0.8 2.6 80.13603723974887
0.8 2.7 88.58650092991573
0.8 2.8000000000000003 97.46655585879925
0.8 2.9000000000000004 107.0106021115135
0.8 3.0000000000000004 116.81111762388242
0.8 3.1 126.62894815394455
0.8 3.2 137.60784633099985
0.8 3.3000000000000003 148.55800519161699
0.8 3.4000000000000004 160.25479223957632
0.8 3.5000000000000004 172.1680851029994
0.8 3.6 184.27344201887666
0.8 3.7 197.09501361694922
0.8 3.8000000000000003 210.4172564752292
0.8 3.9000000000000004 224.24367600487503
0.8 4.0 238.1721771754003
0.8 4.1 252.58069790057186
0.8 4.2 267.72627840885815
0.8 4.3 282.39527600770003
0.8 4.3999999999999995 298.1126323390325
0.8 4.5 313.9555916529333
0.8 4.6 330.5257373874473
0.8 4.7 346.87006374191037
0.8 4.8 363.5607923875289
0.8 4.9 381.06231203525715
0.8 5.0 398.90946218734456
0.8 5.1 416.46116515835956
0.8 5.2 435.1794199729833
0.8 5.3 453.46472090379814
0.8 5.4 472.1117057445317
0.8 5.5 491.2265767454304
0.8 5.6 511.061667608222
0.8 5.7 530.8250970201185
0.8 5.8 550.238752209567
0.8 5.9 571.1254316359186
0.8 6.0 591.6486175939604
0.8 6.1 612.0408785962172
0.8 6.2 633.6705440066944
0.8 6.3 654.8398346439315
0.8 6.4 676.7135495262828
0.8 6.5 698.4629345186999
0.8 6.6 721.1011309337705
0.8 6.7 743.9228237986179
0.8 6.8 765.6716915880445
0.8 6.9 789.2152742320092
0.8 7.0 812.5304813555051
0.8 7.1 835.308387724052
0.8 7.2 858.7507545741607
0.8 7.3 882.5255392134941
0.8 7.4 906.9650066963114
0.8 7.5 930.7763714684712
0.8 7.6 954.9424125594512
0.8 7.7 979.7196889319656
0.8 7.8 1004.8478661445974
0.8 7.9 1029.3057148971557
0.8 8.0 1054.3996436298762
0.8 8.1 1079.7930985283601
0.8 8.2 1104.8550277500133
0.8 8.3 1131.176852509064
0.8 8.4 1156.1458073534286
0.8 8.5 1182.0654067429623
0.8 8.6 1209.2638576292663
0.8 8.7 1235.4120000424002
0.8 8.8 1260.8278471633557
0.8 8.9 1287.518831680921
0.8 9.0 1315.1825606867703
0.8 9.1 1341.7370798258962
0.8 9.2 1369.2462081453568
0.8 9.3 1395.6142026897996
0.8 9.4 1422.9479955151382
0.8 9.5 1450.8769054790182
0.8 9.6 1477.9992677402208
0.8 9.700000000000001 1506.096287273384
0.8 9.8 1533.3198830189212
0.8 9.9 1562.2478477695827
0.8 10.0 1589.605255003603
0.9 0.1 -0.0009206704958648615
0.9 0.2 -0.007775983806071807
0.9 0.30000000000000004 -0.0252483432403503
0.9 0.4 -0.05665881716651544
0.9 0.5 -0.10528851072446344
0.9 0.6 -0.1699152234807375
0.9 0.7000000000000001 -0.25454428756005143
0.9 0.8 0.5966999857760165
0.9 0.9 1.6290178803502258
0.9 1.0 3.117355113275952
0.9 1.1 4.765050018202274
0.9 1.2000000000000002 6.902386036230304
0.9 1.3000000000000003 9.33952888975739
0.9 1.4000000000000001 12.211975434202238
0.9 1.5000000000000002 15.561959905033973
0.9 1.7000000000000002 23.31450682382379
0.9 1.8000000000000003 27.90993689364501
0.9 1.9000000000000001 32.95819962131771
0.9 2.0 38.29231607781478
0.9 2.2 50.26465692628922
0.9 2.3000000000000003 57.02838090413596
0.9 2.4000000000000004 64.1008184826985
0.9 2.5000000000000004 71.59348320404233
0.9 2.6 79.71207690750329
0.9 2.7 87.87693974389502
0.9 2.8000000000000003 96.89902911731926
0.9 2.9000000000000004 106.17703862913066
0.9 3.0000000000000004 115.69087330758586
0.9 3.1 125.6576241938598
0.9 3.2 136.5314770759341
0.9 3.3000000000000003 147.4354642449341
0.9 3.4000000000000004 158.80320733926598
0.9 3.5000000000000004 170.58582435167858
0.9 3.6 183.17315443133765
0.9 3.7 195.6360230105882
0.9 3.8000000000000003 209.15078955618014
0.9 3.9000000000000004 222.30702553189172
0.9 4.0 236.72805199725292
0.9 4.1 250.73527806865428
0.9 4.2 265.83623330138215
